Loss: 0.09569358048729558
sparse_categorical_accuracy: 0.9763
training time: 30.114640951156616