Loss: 0.09029286686195571
sparse_categorical_accuracy: 0.9835
training time: 1131.4423220157623