Loss: 0.09072565866099054
sparse_categorical_accuracy: 0.9772
training time: 45.45531105995178