Loss: 0.3403179915561181
sparse_categorical_accuracy: 0.8762
training time: 39.812522888183594