Loss: 0.37911059471634534
sparse_categorical_accuracy: 0.8722
training time: 36.16092014312744