Loss: 0.32711178323377904
sparse_categorical_accuracy: 0.887
training time: 402.7451870441437