Loss: 0.3526614334509637
sparse_categorical_accuracy: 0.877
training time: 45.59146523475647